886
1064
4672
18031
2120
12523
5676
4276
1181
12850
327
1172
9046
8989
18284
1328
1353
15653
3960
23785
871
1567
1287
3660
19311
14873
6667
37203
1772
8838
4215
2254
801
11734
290
14922
9123
3425
1146
3324
1309
14686
22694
8828
1040
2896
559
3366
1173
2665
18804
21613
399
3906
577
1116
4916
501
39314
8364
29489
2333
21976
5263
16058
672
833
6659
1534
27231
6886
6701
7286
11221
1222
1262
20370
19173
19021
543
4223
7136
25888
790
6274
7356
1432
1712
397
608
7729
284
72939
8340
15362
4140
4497
8132
478
1853
45156
8909
88813
8901
7012
6193
11459
10075
347
740
3439
2647
1265
38199
4160
16151
328
3976
16171
3810
4398
4169
6253
387
2642
3275
23127
8400
